 2021  1  1  0    209     14	-5.8	-2.3
 2021  1  1  1     26     15	-5.7	-1.3
 2021  1  1  2      7     32	-6.1	-2.3
 2021  1  1  3    301     23	-6.8	 1.2
 2021  1  1  4    256     24	-8.3	-1.2
 2021  1  1  5     24     17	-6.6	-2.4
 2021  1  1  6      9     19	-6.6	 3.5	
 2021  1  1  7    358     20	-7.4	-1.2
 2021  1  1  8    223     20	-6.6	 4.5
 2021  1  1  9    223     11	-6.1	 4.5
 2021  1  1 10    189     17	-6.1	 1.5
 2021  1  1 11      4     17	-5.7	-4.5
 2021  1  1 12     48     28	-5.4	-1.5
 2021  1  1 13    359     34	-7.1	-2.5
 2021  1  1 14    110     43	-7.7	-2.1
 2021  1  1 15     15     47	-8.1	-1.8
 2021  1  1 16    102     37	-8.3	-1.2
 2021  1  1 17    220     36	-8.2	-2.4
 2021  1  1 18     44     31	-8.0	-1.5
 2021  1  1 19     35     29	-8.0	 3.5
 2021  1  1 20     43     25	-7.8	 2.6
 2021  1  1 21     18     28	-7.8	 6.8
 2021  1  1 22     54     13	-7.7	-2.3
 2021  1  1 23     24     24	-7.2	-1.2 
 